STEP 64 320
5
5
5
5
5
5
5
5
5
5
5
5
5
5
5
5
5
5
5
5
5
5
5
5
5
5
5
5
5
5
5
5
5
5
5
5
5
5
5
5
5
5
5
5
5
5
5
5
5
5
5
5
5
5
5
5
5
5
5
5
5
5
5
5
END
STEP 64 320
2
5
7
1
10
5
3
6
6
4
10
0
4
1
10
4
5
8
7
4
7
8
8
2
3
5
2
6
5
1
0
7
6
7
4
4
4
9
6
2
5
8
3
3
8
3
9
1
6
6
9
1
9
7
4
5
4
3
3
3
6
7
4
5
END
STEP 64 320
3
3
5
0
9
4
8
6
8
8
9
1
4
5
5
5
2
7
9
5
5
9
5
2
5
6
1
7
0
1
3
3
3
3
6
10
10
7
3
8
7
5
3
0
6
3
4
4
8
11
4
4
12
5
2
7
4
3
1
2
7
7
2
6
END
STEP 64 320
1
6
6
1
4
9
11
6
11
4
6
0
2
8
9
1
7
4
7
2
8
3
1
1
3
8
9
8
3
1
3
8
0
4
4
10
8
4
3
6
4
12
3
0
9
6
3
4
2
7
1
8
6
4
5
5
8
8
1
4
7
5
1
7
END
STEP 64 320
0
3
4
3
6
8
11
7
9
3
4
0
0
8
9
2
10
5
9
4
7
5
0
2
4
11
11
2
4
1
2
4
0
0
7
6
10
1
4
10
8
6
6
4
10
4
1
5
5
7
1
7
10
8
7
7
4
9
0
2
4
2
6
1
END
STEP 64 320
0
2
3
1
6
6
12
3
8
5
3
1
4
8
10
5
7
11
12
0
11
5
1
1
8
4
10
1
0
1
1
3
0
1
8
6
9
1
9
7
5
10
4
3
11
6
3
5
11
6
3
9
8
4
10
6
4
1
5
1
6
1
3
1
END
STEP 64 320
0
0
5
1
2
10
11
4
6
6
8
2
10
2
9
5
11
9
7
1
11
4
1
1
6
9
6
1
0
0
0
0
0
2
6
5
7
6
5
11
7
7
7
4
11
0
8
9
10
5
7
4
13
3
6
8
4
1
0
10
3
1
2
0
END
STEP 64 320
0
1
6
0
3
10
6
1
5
11
11
3
6
8
10
7
9
6
4
2
8
4
3
0
3
9
12
0
1
1
0
0
0
1
5
10
9
2
7
8
2
8
5
6
8
1
5
14
12
6
7
11
4
6
6
8
3
1
2
4
7
1
1
0
END
STEP 64 320
3
4
4
0
4
5
10
2
4
6
6
3
10
5
9
2
6
11
10
2
6
9
4
1
5
9
6
0
3
1
0
0
1
0
7
8
6
1
10
10
1
5
6
14
3
4
5
11
5
11
10
9
12
2
7
4
8
0
0
2
6
0
2
0
END
STEP 64 320
2
6
6
0
5
7
6
4
4
3
4
3
7
10
7
2
7
8
8
2
8
7
1
2
3
9
10
1
1
4
0
0
1
1
10
9
6
0
9
10
0
4
13
6
3
2
12
8
9
10
7
10
7
6
7
1
7
0
1
1
6
3
0
4
END
STEP 64 320
0
2
8
6
6
8
5
3
5
3
4
2
5
10
6
5
5
11
8
1
3
8
1
1
1
9
9
3
4
2
1
3
0
3
12
5
8
0
6
11
0
2
12
7
4
2
8
8
9
10
15
6
8
4
10
1
4
2
1
1
4
3
2
4
END
DONE
