STEP 64 320
40
0
0
0
0
0
0
0
0
40
0
0
0
0
0
0
0
0
40
0
0
0
0
0
0
0
0
40
0
0
0
0
0
0
0
0
40
0
0
0
0
0
0
0
0
40
0
0
0
0
0
0
0
0
40
0
0
0
0
0
0
0
0
40
END
STEP 64 320
3
12
0
0
0
0
0
0
11
1
13
0
0
0
0
0
0
22
7
21
0
23
0
18
0
0
12
6
16
0
0
0
0
0
0
7
6
6
0
7
0
0
0
0
14
4
22
11
0
0
0
0
0
16
8
21
0
0
0
0
0
0
24
9
END
STEP 64 320
11
6
5
1
1
1
2
3
6
9
4
0
1
1
1
1
1
18
12
11
0
12
1
15
2
2
9
8
10
2
5
1
0
0
5
2
10
6
4
11
0
0
0
2
10
11
12
18
0
0
0
0
2
7
17
8
0
0
0
0
0
10
8
15
END
STEP 64 320
8
9
2
4
3
0
1
0
5
8
6
0
1
0
2
0
0
15
7
14
0
14
4
19
0
3
7
9
9
9
0
4
0
0
4
1
8
12
8
13
0
0
0
0
13
9
10
7
0
0
1
1
3
12
9
14
0
0
0
0
1
3
14
14
END
STEP 64 320
11
12
6
5
2
0
1
1
4
8
5
2
3
1
1
0
0
15
3
8
0
17
5
13
0
1
17
3
6
6
4
2
0
0
3
1
12
6
9
9
0
0
1
1
10
16
12
16
0
0
0
1
3
9
12
7
0
1
0
0
0
6
15
8
END
STEP 64 320
9
9
3
5
3
1
0
3
5
7
3
0
0
1
5
0
4
14
8
16
1
17
1
14
0
1
3
7
6
8
9
1
0
0
3
1
11
7
15
5
0
0
0
2
8
12
13
14
0
0
0
2
3
8
14
13
1
0
0
0
0
10
10
4
END
STEP 64 320
8
4
1
3
3
1
3
0
5
12
1
3
1
1
3
3
2
17
2
15
0
18
2
19
1
2
7
8
9
5
8
1
0
0
1
0
9
12
7
9
0
0
0
2
9
15
12
13
0
0
3
1
6
10
10
10
0
0
0
1
0
7
3
12
END
STEP 64 320
5
1
3
1
1
5
2
2
12
6
1
9
2
1
0
5
3
16
1
16
1
12
5
11
3
3
7
7
11
10
8
0
0
0
0
2
7
9
10
9
0
1
0
1
14
11
13
11
1
0
2
1
8
8
11
9
0
0
0
0
1
5
9
7
END
STEP 64 320
1
4
3
4
0
7
0
0
7
7
2
6
1
0
5
4
3
10
0
18
1
18
1
17
8
2
1
13
7
8
7
5
0
0
0
1
15
16
7
10
1
1
0
2
13
7
13
14
0
0
1
1
1
6
8
3
0
0
0
0
2
7
9
12
END
STEP 64 320
0
5
1
5
3
5
3
0
5
9
7
5
1
1
6
3
0
12
0
18
0
14
1
12
5
10
2
6
9
10
9
4
0
0
0
5
8
9
16
7
2
0
0
2
11
15
11
11
0
0
1
0
4
7
10
11
0
0
0
0
0
3
10
6
END
STEP 64 320
2
2
0
6
3
4
2
0
5
7
5
2
2
2
7
0
2
17
3
13
0
20
5
14
2
8
2
7
13
8
8
3
1
2
0
6
13
9
8
11
0
0
0
0
13
9
11
13
0
0
1
1
2
3
10
11
0
0
0
0
1
5
11
5
END
STEP 64 320
0
4
1
10
3
5
0
1
5
6
10
3
2
1
2
5
4
14
1
17
0
14
4
20
1
2
0
9
11
8
9
9
0
2
0
4
14
10
12
7
0
0
0
0
8
10
9
7
0
0
4
0
2
4
11
10
1
0
0
0
1
8
10
5
END
DONE
