STEP 64 320
0
0
0
0
0
0
0
0
0
0
0
0
0
0
0
0
0
0
0
0
0
0
0
0
0
0
0
0
0
0
0
0
0
0
0
0
0
0
0
0
0
0
0
0
0
0
0
0
0
0
0
0
0
0
0
0
0
0
0
0
0
0
0
320
END
STEP 64 320
0
0
0
0
0
0
0
0
0
0
0
0
0
0
0
0
0
0
0
0
0
0
0
0
0
0
0
0
0
0
0
0
0
0
0
0
0
0
0
0
0
0
0
0
0
0
0
0
0
0
0
0
0
0
0
149
0
0
0
0
0
0
142
29
END
STEP 64 320
0
0
0
0
0
0
0
0
0
0
0
0
0
0
0
0
0
0
0
0
0
0
0
0
0
0
0
0
0
0
0
0
0
0
0
0
0
0
0
0
0
0
0
0
0
0
0
42
0
0
0
0
0
0
79
16
0
0
0
0
0
37
21
125
END
STEP 64 320
0
0
0
0
0
0
0
0
0
0
0
0
0
0
0
0
0
0
0
0
0
0
0
0
0
0
0
0
0
0
0
0
0
0
0
0
0
0
0
8
0
0
0
0
0
0
20
6
0
0
0
0
0
23
9
127
0
0
0
0
5
9
99
14
END
STEP 64 320
0
0
0
0
0
0
0
0
0
0
0
0
0
0
0
0
0
0
0
0
0
0
0
0
0
0
0
0
0
0
0
0
0
0
0
0
0
0
3
9
0
0
0
0
0
4
2
58
0
0
0
0
3
7
97
11
0
0
0
0
7
52
5
62
END
STEP 64 320
0
0
0
0
0
0
0
0
0
0
0
0
0
0
0
0
0
0
0
0
0
0
0
0
0
0
0
0
0
0
0
1
0
0
0
0
0
0
3
34
0
0
0
0
0
4
26
4
0
0
0
0
4
54
5
84
0
0
0
0
21
6
69
5
END
STEP 64 320
0
0
0
0
0
0
0
0
0
0
0
0
0
0
0
0
0
0
0
0
0
0
0
0
0
0
0
0
0
0
0
7
0
0
0
0
0
1
13
8
0
0
0
0
1
19
7
46
0
0
0
0
17
6
79
4
0
0
0
3
6
48
4
51
END
STEP 64 320
0
0
0
0
0
0
0
0
0
0
0
0
0
0
0
0
0
0
0
0
0
0
0
1
0
0
0
0
0
0
1
3
0
0
0
0
1
3
9
31
0
0
0
0
4
6
49
2
0
0
0
3
5
52
4
53
0
0
0
1
31
2
53
6
END
STEP 64 320
0
0
0
0
0
0
0
0
0
0
0
0
0
0
0
0
0
0
0
0
0
0
0
0
0
0
0
0
0
1
0
10
0
0
0
0
1
6
35
8
0
0
0
0
4
38
3
25
0
0
0
0
33
3
53
5
0
0
1
3
8
29
6
48
END
STEP 64 320
0
0
0
0
0
0
0
0
0
0
0
0
0
0
0
0
0
0
0
0
0
0
0
1
0
0
0
0
0
1
2
9
0
0
0
0
1
31
1
28
0
0
0
0
14
1
29
7
0
0
0
4
7
39
5
32
0
0
0
4
38
4
52
10
END
STEP 64 320
0
0
0
0
0
0
0
0
0
0
0
0
0
0
0
0
0
0
0
0
0
0
0
0
0
0
0
0
1
7
4
22
0
0
0
0
10
5
13
2
0
0
0
2
6
15
2
34
0
0
0
7
31
5
53
2
0
0
1
11
7
42
7
31
END
STEP 64 320
0
0
0
0
0
0
0
0
0
0
0
0
0
0
0
0
0
0
0
0
0
0
0
2
0
0
0
0
4
7
16
6
0
0
0
1
7
8
4
18
0
0
0
3
16
8
20
5
0
0
0
15
4
39
3
29
0
1
0
3
34
5
58
4
END
STEP 64 320
0
0
0
0
0
0
0
0
0
0
0
0
0
0
0
1
0
0
0
0
0
1
1
1
0
0
0
0
2
12
7
10
0
0
0
1
14
5
12
7
0
0
1
4
7
25
9
22
0
1
0
10
29
6
33
4
0
0
0
8
4
50
4
29
END
DONE
