STEP 64 320
0
0
0
0
0
0
0
0
0
0
0
0
0
0
0
0
0
0
0
0
0
0
0
0
0
0
0
0
0
0
0
0
0
0
0
0
0
0
0
0
0
0
0
0
0
0
0
0
0
0
0
0
0
0
0
0
0
0
0
0
0
0
0
320
END
STEP 64 320
0
0
0
0
0
0
0
0
0
0
0
0
0
0
0
0
0
0
0
0
0
0
0
0
0
0
0
0
0
0
0
0
0
0
0
0
0
0
0
0
0
0
0
0
0
0
0
0
0
0
0
0
0
0
0
150
0
0
0
0
0
0
142
28
END
STEP 64 320
0
0
0
0
0
0
0
0
0
0
0
0
0
0
0
0
0
0
0
0
0
0
0
0
0
0
0
0
0
0
0
0
0
0
0
0
0
0
0
0
0
0
0
0
0
0
0
41
0
0
0
0
0
0
79
14
0
0
0
0
0
39
17
130
END
STEP 64 320
0
0
0
0
0
0
0
0
0
0
0
0
0
0
0
0
0
0
0
0
0
0
0
0
0
0
0
0
0
0
0
0
0
0
0
0
4
3
3
5
0
0
0
0
5
2
12
5
0
0
0
0
8
14
5
126
0
0
0
0
3
10
106
9
END
STEP 64 320
0
0
0
0
0
0
0
0
0
0
0
0
0
0
0
0
0
0
0
0
0
0
0
0
0
0
0
0
2
0
0
0
0
0
0
1
6
5
6
4
0
0
0
0
3
7
8
38
0
0
0
0
9
9
68
8
0
0
0
0
1
53
2
90
END
STEP 64 320
0
0
0
0
0
0
0
0
0
0
0
0
0
0
0
0
0
0
0
0
1
1
0
0
0
0
0
0
0
1
0
1
0
0
0
0
12
9
8
8
0
0
0
0
9
11
36
1
0
0
0
2
25
45
4
85
0
0
0
0
4
2
49
6
END
STEP 64 320
0
0
0
0
0
0
0
0
0
0
0
0
0
0
0
0
0
0
0
2
0
0
0
0
0
0
0
0
1
0
0
0
0
0
0
2
9
12
16
15
0
0
0
0
20
32
6
17
0
0
1
3
15
1
58
3
0
0
0
1
6
28
2
70
END
STEP 64 320
1
0
0
0
0
0
0
0
0
0
0
0
0
0
0
0
0
0
0
0
0
0
0
0
0
0
0
1
2
1
2
1
0
0
1
3
18
18
10
16
0
0
0
1
8
4
48
17
0
0
0
5
14
11
4
58
0
0
0
3
18
4
43
8
END
STEP 64 320
0
0
0
0
0
0
0
0
0
0
0
0
0
0
0
0
0
1
0
0
0
3
1
1
0
0
0
2
1
2
3
2
0
0
1
2
15
8
19
11
0
0
1
3
30
25
8
32
0
0
0
5
9
9
36
6
0
0
2
6
4
23
3
46
END
STEP 64 320
0
0
0
0
0
0
0
0
0
1
0
0
0
0
0
0
0
1
0
1
1
2
1
2
0
0
1
1
0
0
2
0
0
0
1
2
10
31
18
22
0
0
0
6
8
9
43
11
0
0
3
5
18
21
8
40
0
0
1
6
4
7
30
3
END
STEP 64 320
0
0
0
0
0
1
0
0
0
0
0
0
0
0
2
0
1
1
1
0
1
2
1
1
0
0
1
2
1
2
3
0
0
0
0
1
22
4
9
11
0
0
0
8
30
40
3
41
0
1
4
3
11
7
42
6
0
0
0
7
8
19
3
20
END
STEP 64 320
0
0
0
0
0
0
1
0
0
0
0
0
1
0
1
0
0
1
2
2
0
5
0
1
0
1
0
0
2
2
1
0
0
0
0
5
11
22
24
21
0
0
1
9
15
13
36
9
1
0
5
5
17
28
3
31
0
1
0
3
14
7
14
5
END
STEP 64 320
0
0
0
2
0
0
0
1
1
0
0
0
1
1
0
0
0
1
1
0
1
6
1
1
0
0
0
0
3
4
1
1
0
0
0
6
13
15
12
12
0
1
1
8
26
28
6
41
0
0
8
11
9
6
18
8
0
0
0
6
9
27
6
17
END
DONE
