STEP 64 320
40
0
0
0
0
0
0
0
0
40
0
0
0
0
0
0
0
0
40
0
0
0
0
0
0
0
0
40
0
0
0
0
0
0
0
0
40
0
0
0
0
0
0
0
0
40
0
0
0
0
0
0
0
0
40
0
0
0
0
0
0
0
0
40
END
STEP 64 320
9
24
0
0
0
0
0
0
21
9
16
0
0
0
0
0
0
16
6
20
0
0
0
0
0
0
18
3
17
0
0
0
0
0
0
18
5
17
0
0
0
0
0
0
17
8
12
0
0
0
0
0
0
19
4
28
0
0
0
0
0
0
23
10
END
STEP 64 320
19
11
4
0
0
0
0
0
7
16
14
2
0
0
0
0
11
7
21
5
2
0
0
0
0
0
9
15
2
12
0
0
0
0
7
10
14
5
6
0
0
0
0
9
7
18
6
7
0
0
0
0
3
6
20
9
0
0
0
0
0
8
12
16
END
STEP 64 320
10
13
6
0
0
0
0
0
17
11
14
0
0
0
0
0
2
11
13
12
3
1
0
0
2
5
8
11
7
4
5
0
0
1
8
12
14
11
1
1
0
0
0
2
12
7
14
7
0
0
0
3
2
16
10
13
0
0
0
0
0
9
9
13
END
STEP 64 320
12
12
9
0
0
0
0
0
6
11
10
3
0
0
0
0
11
10
8
13
4
1
0
0
1
6
13
5
8
7
5
2
0
2
9
11
9
11
4
0
0
0
1
4
9
13
13
7
0
0
0
2
5
8
11
13
0
0
0
0
0
8
17
6
END
STEP 64 320
9
13
7
0
0
0
0
0
7
12
9
6
2
0
0
0
11
7
15
5
5
2
0
2
3
4
7
9
13
6
2
0
0
5
12
6
12
7
9
2
0
0
1
8
6
10
7
7
0
0
0
0
3
10
12
13
0
0
0
0
2
11
8
13
END
STEP 64 320
11
13
5
0
0
0
0
0
5
7
11
8
3
1
0
0
9
10
9
13
6
1
0
2
3
6
12
9
9
3
0
2
0
5
7
9
9
12
3
2
0
2
4
2
12
6
9
13
0
0
0
0
2
14
8
8
0
0
0
0
3
8
9
15
END
STEP 64 320
8
9
7
1
0
0
0
0
10
13
9
6
5
0
1
1
7
6
12
11
7
1
0
1
3
5
6
11
4
5
2
1
1
8
7
10
11
9
5
3
0
3
2
2
8
13
10
12
0
0
0
0
2
9
10
11
0
0
0
1
0
8
13
10
END
STEP 64 320
6
7
7
1
0
0
0
1
11
8
14
7
1
0
1
1
10
11
5
11
10
0
1
0
0
5
8
11
9
9
2
0
6
6
11
8
3
7
3
9
0
1
1
6
7
11
10
8
0
0
0
0
1
8
15
8
0
0
0
1
2
14
5
12
END
STEP 64 320
6
8
5
2
0
0
2
0
12
10
11
7
3
0
0
0
7
10
8
10
10
4
1
1
1
6
10
7
11
5
0
1
5
9
1
14
3
8
7
6
0
1
0
10
4
8
11
9
0
0
0
0
3
10
12
12
0
0
1
0
3
6
16
3
END
STEP 64 320
6
7
6
1
2
0
2
0
8
12
10
2
2
0
0
0
12
8
11
11
11
7
0
1
1
8
9
10
7
8
1
2
3
7
1
10
8
3
6
9
1
1
0
5
11
10
9
8
0
0
1
0
5
10
14
7
0
0
0
0
1
6
10
9
END
STEP 64 320
7
6
9
3
2
1
1
1
12
10
3
4
1
0
0
0
6
9
8
9
5
11
0
1
4
10
7
12
15
7
3
2
0
8
4
7
7
7
6
4
1
1
0
6
8
9
6
8
1
0
1
1
3
12
9
13
0
0
0
1
6
5
11
6
END
DONE
